1761.000000 29
1401.000000 23
1441.000000 23
1401.000000 23
1401.000000 23
1401.000000 23
1801.500000 29
1761.000000 29
1801.000000 29
1801.000000 29
1761.000000 29
1761.000000 29
1761.000000 29
1761.000000 29
1801.500000 29
1801.000000 29
1761.000000 29
1761.000000 29
1441.000000 23
1441.000000 23
1801.000000 29
1441.000000 23
1761.000000 29
1441.000000 23
1801.000000 29
1801.000000 29
1441.500000 23
1761.000000 29
1761.000000 29
1441.000000 23
1401.000000 23
1401.000000 23
1401.000000 23
1801.500000 31
1441.000000 23
1841.000000 31
1401.000000 23
1761.000000 29
1761.000000 31
1761.000000 31
1401.000000 23
1841.000000 31
1841.000000 31
1801.000000 31
1801.000000 31
1801.000000 31
1721.000000 31
1401.000000 23
1722.000000 31
1401.000000 23
1721.000000 31
1401.000000 23
1801.000000 31
1801.000000 31
1841.000000 31
1841.000000 12
1801.000000 12
1761.000000 12
1721.500000 31
1841.000000 31
1801.000000 31
1801.000000 31
1841.000000 12
1761.000000 31
1841.000000 12
1761.000000 12
1801.000000 12
1761.500000 12
1761.000000 12
1841.000000 12
1801.000000 12
1801.500000 12
1801.500000 12
1801.000000 12
1841.000000 12
1801.000000 12
1761.000000 12
1801.000000 12
1761.000000 12
1761.000000 12
