0	4	500	0
4	0	500	0
1	10	500	0
10	1	500	0		
2	43	500	0
43	2	500	0		
3	37	500	0
37	3	500	0		
4	5	100	0
5	4	100	0			
5	6	100	0
6	5	100	0			
6	7	100	0
7	6	100	0			
7	8	100	0
8	7	100	0			
8	9	100	0
9	8	100	0			
9	10	100	0
10	9	100	0			
15	16	100	1
16	15	100	0			
16	17	100	0
17	16	100	0			
17	18	100	0
18	17	100	0			
18	19	100	0
19	18	100	0			
19	20	100	0
20	19	100	0			
20	21	100	0
21	20	100	0			
26	27	100	0
27	26	100	0			
27	28	100	0
28	27	100	0			
28	29	100	0
29	28	100	0			
29	30	100	0
30	29	100	0			
30	31	100	0
31	30	100	0			
31	32	100	0
32	31	100	1			
37	38	100	0
38	37	100	0			
38	39	100	1
39	38	100	0			
39	40	100	1
40	39	100	1			
40	41	100	0
41	40	100	0			
41	42	100	0
42	41	100	0			
42	43	100	0
43	42	100	0			
4	11	100	0
11	4	100	0			
11	15	100	1
15	11	100	0			
15	22	100	1
22	15	100	1			
22	26	100	0
26	22	100	0			
26	33	100	0
33	26	100	0			
33	37	100	0
37	33	100	0			
6	12	100	0
12	6	100	0			
12	17	100	0
17	12	100	0			
17	23	100	0
23	17	100	0			
23	28	100	0
28	23	100	0			
28	34	100	0
34	28	100	0			
34	39	100	0
39	34	100	1			
8	13	100	0
13	8	100	0			
13	19	100	0
19	13	100	0			
19	24	100	0
24	19	100	0			
24	30	100	0
30	24	100	0			
30	35	100	0
35	30	100	0			
35	41	100	0
41	35	100	0			
10	14	100	0
14	10	100	0			
14	21	100	0
21	14	100	0			
21	25	100	0
25	21	100	0			
25	32	100	1
32	25	100	0			
32	36	100	0
36	32	100	1			
36	43	100	0
43	36	100	0